teste <- c(1:10)


